---
maxVel: 30.0
maxAccel: 60.0
maxAngVel: 3.839724354387525
maxAngAccel: 3.839724354387525
robotLength: 15.0
robotWidth: 14.5
driveType: "MECANUM"
trackWidth: -13.83
lateralMultiplier: 1.563636363636
