---
startPose:
  x: -21.8
  y: 30.8
  heading: -0.4363323129985824
startTangent: 0.0
waypoints:
- position:
    x: -15.0
    y: 24.0
  heading: 0.0
  tangent: -1.5707963267948966
  interpolationType: "CONSTANT"
- position:
    x: -15.0
    y: 18.0
  heading: 0.0
  tangent: 4.276056667386108
  interpolationType: "CONSTANT"
- position:
    x: -30.0
    y: 18.0
  heading: 0.0
  tangent: 2.5743606466916362
  interpolationType: "SPLINE"
resolution: 0.25
version: 1
