---
startPose:
  x: -21.8
  y: 30.8
  heading: -0.4363323129985824
startTangent: 0.0
waypoints:
- position:
    x: -15.0
    y: 45.0
  heading: 0.0
  tangent: 1.5707963267948966
  interpolationType: "CONSTANT"
- position:
    x: -15.0
    y: 60.0
  heading: 0.0
  tangent: -4.276056667386108
  interpolationType: "TANGENT"
- position:
    x: -30.0
    y: 60.0
  heading: 0.0
  tangent: -2.356194490192345
  interpolationType: "CONSTANT"
resolution: 0.25
version: 1
